solid
facet normal -0.5921921730041504 0.6114055514335632 -0.5248731970787048
 outer loop
  vertex 3.1321473121643066 1.8616687059402466 3.2787203788757324
  vertex 3.232480764389038 1.9964543581008911 3.3225252628326416
  vertex 3.2790515422821045 1.9157642126083374 3.1759884357452393
 endloop
endfacet
facet normal 0.5921921133995056 -0.6114055514335632 0.5248731374740601
 outer loop
  vertex 3.2790515422821045 1.9157642126083374 3.1759884357452393
  vertex 3.232480764389038 1.9964543581008911 3.3225252628326416
  vertex 3.1321473121643066 1.8616687059402466 3.2787203788757324
 endloop
endfacet
facet normal -0.4644026756286621 0.7956709861755371 -0.3888930380344391
 outer loop
  vertex 2.8738443851470947 1.46482253074646 3.031501054763794
  vertex 3.058699131011963 1.539867877960205 2.9642958641052246
  vertex 2.9541878700256348 1.4510524272918701 2.907384157180786
 endloop
endfacet
facet normal 0.4644026756286621 -0.7956709861755371 0.3888930380344391
 outer loop
  vertex 2.9541878700256348 1.4510524272918701 2.907384157180786
  vertex 3.058699131011963 1.539867877960205 2.9642958641052246
  vertex 2.8738443851470947 1.46482253074646 3.031501054763794
 endloop
endfacet
facet normal 0.7225939035415649 -0.544157087802887 0.4263227880001068
 outer loop
  vertex 1.6589113473892212 3.4102275371551514 2.292170286178589
  vertex 1.5531350374221802 3.3070240020751953 2.339726686477661
  vertex 1.6588687896728516 3.3120603561401367 2.1669421195983887
 endloop
endfacet
facet normal -0.7225939035415649 0.5441571474075317 -0.4263227880001068
 outer loop
  vertex 1.6588687896728516 3.3120603561401367 2.1669421195983887
  vertex 1.5531350374221802 3.3070240020751953 2.339726686477661
  vertex 1.6589113473892212 3.4102275371551514 2.292170286178589
 endloop
endfacet
facet normal 0.54088294506073 -0.7798677682876587 -0.3150428533554077
 outer loop
  vertex 1.7930502891540527 3.4431405067443848 2.7066190242767334
  vertex 1.8878464698791504 3.4476921558380127 2.858103036880493
  vertex 1.7861332893371582 3.3462467193603516 2.9345977306365967
 endloop
endfacet
facet normal -0.54088294506073 0.7798677682876587 0.31504279375076294
 outer loop
  vertex 1.7861332893371582 3.3462467193603516 2.9345977306365967
  vertex 1.8878464698791504 3.4476921558380127 2.858103036880493
  vertex 1.7930502891540527 3.4431405067443848 2.7066190242767334
 endloop
endfacet
facet normal 0.5733023881912231 0.5898573398590088 0.5686762928962708
 outer loop
  vertex 1.8482389450073242 1.7838622331619263 1.6180964708328247
  vertex 1.7141015529632568 1.8595480918884277 1.6748201847076416
  vertex 1.706673502922058 1.7495468854904175 1.7964069843292236
 endloop
endfacet
facet normal -0.5733023881912231 -0.5898573398590088 -0.5686762928962708
 outer loop
  vertex 1.706673502922058 1.7495468854904175 1.7964069843292236
  vertex 1.7141015529632568 1.8595480918884277 1.6748201847076416
  vertex 1.8482389450073242 1.7838622331619263 1.6180964708328247
 endloop
endfacet
facet normal 0.4489975869655609 -0.7795166969299316 -0.4367550015449524
 outer loop
  vertex 1.8878464698791504 3.4476921558380127 2.858103036880493
  vertex 1.9523874521255493 3.4046969413757324 3.001190662384033
  vertex 1.7861332893371582 3.3462467193603516 2.9345977306365967
 endloop
endfacet
facet normal -0.4489975869655609 0.7795166969299316 0.4367550015449524
 outer loop
  vertex 1.7861332893371582 3.3462467193603516 2.9345977306365967
  vertex 1.9523874521255493 3.4046969413757324 3.001190662384033
  vertex 1.8878464698791504 3.4476921558380127 2.858103036880493
 endloop
endfacet
facet normal -0.09236039966344833 -0.7934256792068481 0.6016188859939575
 outer loop
  vertex 2.5884265899658203 3.4489238262176514 1.7924249172210693
  vertex 2.7863943576812744 3.389357566833496 1.7442598342895508
  vertex 2.7202882766723633 3.4700446128845215 1.8405227661132812
 endloop
endfacet
facet normal 0.09236039221286774 0.7934256792068481 -0.6016188859939575
 outer loop
  vertex 2.7202882766723633 3.4700446128845215 1.8405227661132812
  vertex 2.7863943576812744 3.389357566833496 1.7442598342895508
  vertex 2.5884265899658203 3.4489238262176514 1.7924249172210693
 endloop
endfacet
facet normal 0.7927966117858887 -0.4058220386505127 0.45473289489746094
 outer loop
  vertex 1.5887187719345093 3.241424560546875 2.042811393737793
  vertex 1.4452756643295288 3.08526873588562 2.1535351276397705
  vertex 1.5179924964904785 3.0634658336639404 2.00730037689209
 endloop
endfacet
facet normal -0.7927965521812439 0.4058220386505127 -0.4547329246997833
 outer loop
  vertex 1.5179924964904785 3.0634658336639404 2.00730037689209
  vertex 1.4452756643295288 3.08526873588562 2.1535351276397705
  vertex 1.5887187719345093 3.241424560546875 2.042811393737793
 endloop
endfacet
facet normal -0.47739332914352417 -0.8253689408302307 0.30143243074417114
 outer loop
  vertex 2.99619722366333 3.5499606132507324 2.3219611644744873
  vertex 2.9563357830047607 3.494119644165039 2.105929374694824
  vertex 3.0952680110931396 3.45181941986084 2.2101385593414307
 endloop
endfacet
facet normal 0.47739332914352417 0.8253689408302307 -0.30143246054649353
 outer loop
  vertex 3.0952680110931396 3.45181941986084 2.2101385593414307
  vertex 2.9563357830047607 3.494119644165039 2.105929374694824
  vertex 2.99619722366333 3.5499606132507324 2.3219611644744873
 endloop
endfacet
facet normal 0.7482559680938721 0.36872348189353943 0.5515033602714539
 outer loop
  vertex 1.5960659980773926 1.8473774194717407 1.807051658630371
  vertex 1.5542019605636597 1.9849556684494019 1.7718690633773804
  vertex 1.4764331579208374 1.9814115762710571 1.8797519207000732
 endloop
endfacet
facet normal -0.7482559680938721 -0.36872348189353943 -0.5515034198760986
 outer loop
  vertex 1.4764331579208374 1.9814115762710571 1.8797519207000732
  vertex 1.5542019605636597 1.9849556684494019 1.7718690633773804
  vertex 1.5960659980773926 1.8473774194717407 1.807051658630371
 endloop
endfacet
facet normal 0.9992799162864685 0.014876041561365128 -0.03490515053272247
 outer loop
  vertex 1.2516376972198486 2.4411778450012207 2.55726957321167
  vertex 1.2521076202392578 2.3116660118103027 2.51552677154541
  vertex 1.2483727931976318 2.4048044681549072 2.448298692703247
 endloop
endfacet
facet normal -0.9992799162864685 -0.014876040630042553 0.03490515053272247
 outer loop
  vertex 1.2483727931976318 2.4048044681549072 2.448298692703247
  vertex 1.2521076202392578 2.3116660118103027 2.51552677154541
  vertex 1.2516376972198486 2.4411778450012207 2.55726957321167
 endloop
endfacet
facet normal 0.5071738958358765 -0.41626250743865967 -0.7546523213386536
 outer loop
  vertex 2.104907512664795 2.9321510791778564 3.5261428356170654
  vertex 1.947304368019104 2.8387293815612793 3.471754550933838
  vertex 1.9198181629180908 2.996673107147217 3.3661611080169678
 endloop
endfacet
facet normal -0.5071738958358765 0.41626253724098206 0.7546523809432983
 outer loop
  vertex 1.9198181629180908 2.996673107147217 3.3661611080169678
  vertex 1.947304368019104 2.8387293815612793 3.471754550933838
  vertex 2.104907512664795 2.9321510791778564 3.5261428356170654
 endloop
endfacet
facet normal 0.576738715171814 0.050631843507289886 -0.8153581023216248
 outer loop
  vertex 1.741274356842041 2.507134437561035 3.4507806301116943
  vertex 1.5767695903778076 2.5434606075286865 3.336674928665161
  vertex 1.6761912107467651 2.627748489379883 3.412234306335449
 endloop
endfacet
facet normal -0.576738715171814 -0.05063186213374138 0.8153581023216248
 outer loop
  vertex 1.6761912107467651 2.627748489379883 3.412234306335449
  vertex 1.5767695903778076 2.5434606075286865 3.336674928665161
  vertex 1.741274356842041 2.507134437561035 3.4507806301116943
 endloop
endfacet
facet normal 0.5633121728897095 -0.04114575684070587 -0.8252190947532654
 outer loop
  vertex 1.6458964347839355 2.420668601989746 3.3899848461151123
  vertex 1.5767695903778076 2.5434606075286865 3.336674928665161
  vertex 1.741274356842041 2.507134437561035 3.4507806301116943
 endloop
endfacet
facet normal -0.5633121728897095 0.04114573448896408 0.8252190947532654
 outer loop
  vertex 1.741274356842041 2.507134437561035 3.4507806301116943
  vertex 1.5767695903778076 2.5434606075286865 3.336674928665161
  vertex 1.6458964347839355 2.420668601989746 3.3899848461151123
 endloop
endfacet
facet normal -0.9996697306632996 -0.02352314628660679 0.010342303663492203
 outer loop
  vertex 3.6512908935546875 2.3953306674957275 2.1021366119384766
  vertex 3.6497795581817627 2.5174574851989746 2.233825922012329
  vertex 3.6479909420013428 2.5331926345825195 2.0967302322387695
 endloop
endfacet
facet normal 0.9996697306632996 0.023523148149251938 -0.010342304594814777
 outer loop
  vertex 3.6479909420013428 2.5331926345825195 2.0967302322387695
  vertex 3.6497795581817627 2.5174574851989746 2.233825922012329
  vertex 3.6512908935546875 2.3953306674957275 2.1021366119384766
 endloop
endfacet
facet normal -0.9664210081100464 -0.23827709257602692 0.09620068222284317
 outer loop
  vertex 3.519970417022705 2.8353140354156494 1.9985668659210205
  vertex 3.540147542953491 2.718111515045166 1.9109679460525513
  vertex 3.54964280128479 2.733415365219116 2.044261932373047
 endloop
endfacet
facet normal 0.9664210081100464 0.23827709257602692 -0.09620069712400436
 outer loop
  vertex 3.54964280128479 2.733415365219116 2.044261932373047
  vertex 3.540147542953491 2.718111515045166 1.9109679460525513
  vertex 3.519970417022705 2.8353140354156494 1.9985668659210205
 endloop
endfacet
facet normal 0.1585492044687271 -0.8504523634910583 -0.5015904307365417
 outer loop
  vertex 1.9828763008117676 3.3458237648010254 3.161996841430664
  vertex 2.0755577087402344 3.4490389823913574 3.0162901878356934
  vertex 2.1322038173675537 3.356053113937378 3.191854238510132
 endloop
endfacet
facet normal -0.1585492044687271 0.8504523634910583 0.5015904307365417
 outer loop
  vertex 2.1322038173675537 3.356053113937378 3.191854238510132
  vertex 2.0755577087402344 3.4490389823913574 3.0162901878356934
  vertex 1.9828763008117676 3.3458237648010254 3.161996841430664
 endloop
endfacet
facet normal -0.8525581359863281 0.20684970915317535 0.4799560010433197
 outer loop
  vertex 3.42499041557312 2.483522415161133 1.666677713394165
  vertex 3.348801612854004 2.3323867321014404 1.5964775085449219
  vertex 3.401569128036499 2.2216129302978516 1.7379506826400757
 endloop
endfacet
facet normal 0.8525581359863281 -0.20684970915317535 -0.4799560606479645
 outer loop
  vertex 3.401569128036499 2.2216129302978516 1.7379506826400757
  vertex 3.348801612854004 2.3323867321014404 1.5964775085449219
  vertex 3.42499041557312 2.483522415161133 1.666677713394165
 endloop
endfacet
facet normal -0.8386796712875366 -0.43999814987182617 -0.3209642767906189
 outer loop
  vertex 3.4023072719573975 3.0492184162139893 2.8966856002807617
  vertex 3.508686065673828 2.8616485595703125 2.8758504390716553
  vertex 3.4379844665527344 2.9377214908599854 2.956308126449585
 endloop
endfacet
facet normal 0.8386796712875366 0.43999814987182617 0.32096433639526367
 outer loop
  vertex 3.4379844665527344 2.9377214908599854 2.956308126449585
  vertex 3.508686065673828 2.8616485595703125 2.8758504390716553
  vertex 3.4023072719573975 3.0492184162139893 2.8966856002807617
 endloop
endfacet
facet normal -0.7305196523666382 0.6546581983566284 0.1943289041519165
 outer loop
  vertex 3.5594253540039062 2.086742401123047 2.2157511711120605
  vertex 3.635875701904297 2.1718599796295166 2.216397285461426
  vertex 3.5528011322021484 2.1123898029327393 2.104448080062866
 endloop
endfacet
facet normal 0.7305196523666382 -0.6546581983566284 -0.1943289041519165
 outer loop
  vertex 3.5528011322021484 2.1123898029327393 2.104448080062866
  vertex 3.635875701904297 2.1718599796295166 2.216397285461426
  vertex 3.5594253540039062 2.086742401123047 2.2157511711120605
 endloop
endfacet
facet normal -0.7463568449020386 -0.006511201616376638 -0.6655141711235046
 outer loop
  vertex 3.264462947845459 2.162652015686035 3.2765212059020996
  vertex 3.194854974746704 2.1052675247192383 3.3551461696624756
  vertex 3.1569902896881104 2.2109556198120117 3.396576404571533
 endloop
endfacet
facet normal 0.7463567852973938 0.006511201616376638 0.6655141711235046
 outer loop
  vertex 3.1569902896881104 2.2109556198120117 3.396576404571533
  vertex 3.194854974746704 2.1052675247192383 3.3551461696624756
  vertex 3.264462947845459 2.162652015686035 3.2765212059020996
 endloop
endfacet
facet normal 0.3193928897380829 0.8485528826713562 0.4218367040157318
 outer loop
  vertex 1.9138078689575195 1.4278242588043213 2.119795799255371
  vertex 1.8856890201568604 1.3598524332046509 2.277815818786621
  vertex 2.0626416206359863 1.3492573499679565 2.165149211883545
 endloop
endfacet
facet normal -0.3193928897380829 -0.8485528826713562 -0.4218367338180542
 outer loop
  vertex 2.0626416206359863 1.3492573499679565 2.165149211883545
  vertex 1.8856890201568604 1.3598524332046509 2.277815818786621
  vertex 1.9138078689575195 1.4278242588043213 2.119795799255371
 endloop
endfacet
facet normal 0.3887491226196289 0.8847777247428894 0.2569875121116638
 outer loop
  vertex 2.0626416206359863 1.3492573499679565 2.165149211883545
  vertex 2.0351173877716064 1.4045692682266235 2.016353130340576
  vertex 1.9138078689575195 1.4278242588043213 2.119795799255371
 endloop
endfacet
facet normal -0.38874906301498413 -0.8847776651382446 -0.25698748230934143
 outer loop
  vertex 1.9138078689575195 1.4278242588043213 2.119795799255371
  vertex 2.0351173877716064 1.4045692682266235 2.016353130340576
  vertex 2.0626416206359863 1.3492573499679565 2.165149211883545
 endloop
endfacet
facet normal -0.8476136326789856 0.21839769184589386 -0.48358407616615295
 outer loop
  vertex 3.6432061195373535 2.288222551345825 2.8045949935913086
  vertex 3.5117244720458984 2.1337380409240723 2.9652838706970215
  vertex 3.5482945442199707 2.312434673309326 2.9818882942199707
 endloop
endfacet
facet normal 0.8476136326789856 -0.21839767694473267 0.48358407616615295
 outer loop
  vertex 3.5482945442199707 2.312434673309326 2.9818882942199707
  vertex 3.5117244720458984 2.1337380409240723 2.9652838706970215
  vertex 3.6432061195373535 2.288222551345825 2.8045949935913086
 endloop
endfacet
facet normal -0.9999979734420776 -0.0018295979825779796 -0.0008532163919880986
 outer loop
  vertex 3.6508517265319824 2.388838052749634 2.3591864109039307
  vertex 3.6508796215057373 2.2593014240264893 2.604264974594116
  vertex 3.6505491733551025 2.462851047515869 2.5550787448883057
 endloop
endfacet
facet normal 0.9999979734420776 0.0018295978661626577 0.0008532163337804377
 outer loop
  vertex 3.6505491733551025 2.462851047515869 2.5550787448883057
  vertex 3.6508796215057373 2.2593014240264893 2.604264974594116
  vertex 3.6508517265319824 2.388838052749634 2.3591864109039307
 endloop
endfacet
facet normal -0.42258384823799133 -0.4109988212585449 -0.8077764511108398
 outer loop
  vertex 2.8829894065856934 2.629382848739624 3.5555331707000732
  vertex 2.7928409576416016 2.53945255279541 3.6484506130218506
  vertex 2.778580665588379 2.733754873275757 3.55704927444458
 endloop
endfacet
facet normal 0.4225839078426361 0.41099879145622253 0.8077764511108398
 outer loop
  vertex 2.778580665588379 2.733754873275757 3.55704927444458
  vertex 2.7928409576416016 2.53945255279541 3.6484506130218506
  vertex 2.8829894065856934 2.629382848739624 3.5555331707000732
 endloop
endfacet
facet normal -0.29464012384414673 0.5944901704788208 0.7481768727302551
 outer loop
  vertex 2.547023296356201 2.00954008102417 1.3446587324142456
  vertex 2.7261104583740234 2.0884110927581787 1.352515459060669
  vertex 2.6512720584869385 2.1656410694122314 1.2616775035858154
 endloop
endfacet
facet normal 0.29464012384414673 -0.5944901704788208 -0.7481768727302551
 outer loop
  vertex 2.6512720584869385 2.1656410694122314 1.2616775035858154
  vertex 2.7261104583740234 2.0884110927581787 1.352515459060669
  vertex 2.547023296356201 2.00954008102417 1.3446587324142456
 endloop
endfacet
facet normal 0.5904834866523743 0.005957909394055605 0.8070276975631714
 outer loop
  vertex 1.6128926277160645 2.3624048233032227 1.5412040948867798
  vertex 1.7373157739639282 2.5116682052612305 1.4490646123886108
  vertex 1.5877575874328613 2.5487887859344482 1.5582188367843628
 endloop
endfacet
facet normal -0.5904834866523743 -0.005957909394055605 -0.8070276975631714
 outer loop
  vertex 1.5877575874328613 2.5487887859344482 1.5582188367843628
  vertex 1.7373157739639282 2.5116682052612305 1.4490646123886108
  vertex 1.6128926277160645 2.3624048233032227 1.5412040948867798
 endloop
endfacet
facet normal 0.020470092073082924 -0.9997766017913818 -0.005283614154905081
 outer loop
  vertex 2.269731283187866 3.648314952850342 2.4616832733154297
  vertex 2.189757823944092 3.6476423740386963 2.2791121006011963
  vertex 2.3683841228485107 3.6512367725372314 2.2910170555114746
 endloop
endfacet
facet normal -0.020470088347792625 0.9997764825820923 0.005283611826598644
 outer loop
  vertex 2.3683841228485107 3.6512367725372314 2.2910170555114746
  vertex 2.189757823944092 3.6476423740386963 2.2791121006011963
  vertex 2.269731283187866 3.648314952850342 2.4616832733154297
 endloop
endfacet
facet normal 0.795305609703064 0.2185574769973755 0.5654392242431641
 outer loop
  vertex 1.5545095205307007 2.1912872791290283 1.6935878992080688
  vertex 1.4451014995574951 2.2899961471557617 1.8093196153640747
  vertex 1.4433457851409912 2.1102612018585205 1.8812614679336548
 endloop
endfacet
facet normal -0.795305609703064 -0.2185574769973755 -0.5654392242431641
 outer loop
  vertex 1.4433457851409912 2.1102612018585205 1.8812614679336548
  vertex 1.4451014995574951 2.2899961471557617 1.8093196153640747
  vertex 1.5545095205307007 2.1912872791290283 1.6935878992080688
 endloop
endfacet
facet normal -0.013856793753802776 -0.9166550040245056 0.39943915605545044
 outer loop
  vertex 2.5237045288085938 3.648620128631592 2.2019617557525635
  vertex 2.4409759044647217 3.5793099403381348 2.0400350093841553
  vertex 2.576381206512451 3.5525014400482178 1.9832106828689575
 endloop
endfacet
facet normal 0.013856811448931694 0.9166550040245056 -0.39943915605545044
 outer loop
  vertex 2.576381206512451 3.5525014400482178 1.9832106828689575
  vertex 2.4409759044647217 3.5793099403381348 2.0400350093841553
  vertex 2.5237045288085938 3.648620128631592 2.2019617557525635
 endloop
endfacet
facet normal -0.23706044256687164 -0.8434192538261414 0.4821268618106842
 outer loop
  vertex 2.4409759044647217 3.5793099403381348 2.0400350093841553
  vertex 2.5237045288085938 3.648620128631592 2.2019617557525635
  vertex 2.3251986503601074 3.6484458446502686 2.1040520668029785
 endloop
endfacet
facet normal 0.23706045746803284 0.8434192538261414 -0.4821268618106842
 outer loop
  vertex 2.3251986503601074 3.6484458446502686 2.1040520668029785
  vertex 2.5237045288085938 3.648620128631592 2.2019617557525635
  vertex 2.4409759044647217 3.5793099403381348 2.0400350093841553
 endloop
endfacet
facet normal 0.38951748609542847 0.9032770395278931 -0.17990745604038239
 outer loop
  vertex 2.0544705390930176 1.3448187112808228 2.6824798583984375
  vertex 2.012694835662842 1.3403592109680176 2.56964111328125
  vertex 1.8051689863204956 1.4471936225891113 2.656719923019409
 endloop
endfacet
facet normal -0.38951748609542847 -0.9032770395278931 0.17990745604038239
 outer loop
  vertex 1.8051689863204956 1.4471936225891113 2.656719923019409
  vertex 2.012694835662842 1.3403592109680176 2.56964111328125
  vertex 2.0544705390930176 1.3448187112808228 2.6824798583984375
 endloop
endfacet
facet normal -0.5412170886993408 -0.7400385737419128 0.3992830514907837
 outer loop
  vertex 3.1422195434570312 3.375267744064331 2.055586338043213
  vertex 3.062366008758545 3.351313352584839 1.902949571609497
  vertex 3.199439525604248 3.256556749343872 1.9131252765655518
 endloop
endfacet
facet normal 0.5412170886993408 0.7400385737419128 -0.3992830216884613
 outer loop
  vertex 3.199439525604248 3.256556749343872 1.9131252765655518
  vertex 3.062366008758545 3.351313352584839 1.902949571609497
  vertex 3.1422195434570312 3.375267744064331 2.055586338043213
 endloop
endfacet
facet normal 0.5097293853759766 0.07613871991634369 0.8569590449333191
 outer loop
  vertex 1.9434971809387207 2.392390489578247 1.3512825965881348
  vertex 1.861046314239502 2.5747628211975098 1.3841220140457153
  vertex 1.8405542373657227 2.3255088329315186 1.4184565544128418
 endloop
endfacet
facet normal -0.5097293853759766 -0.07613871991634369 -0.8569590449333191
 outer loop
  vertex 1.8405542373657227 2.3255088329315186 1.4184565544128418
  vertex 1.861046314239502 2.5747628211975098 1.3841220140457153
  vertex 1.9434971809387207 2.392390489578247 1.3512825965881348
 endloop
endfacet
facet normal 0.4270086884498596 0.08885069191455841 0.8998717665672302
 outer loop
  vertex 1.861046314239502 2.5747628211975098 1.3841220140457153
  vertex 1.7373157739639282 2.5116682052612305 1.4490646123886108
  vertex 1.8405542373657227 2.3255088329315186 1.4184565544128418
 endloop
endfacet
facet normal -0.42700862884521484 -0.08885068446397781 -0.8998717069625854
 outer loop
  vertex 1.8405542373657227 2.3255088329315186 1.4184565544128418
  vertex 1.7373157739639282 2.5116682052612305 1.4490646123886108
  vertex 1.861046314239502 2.5747628211975098 1.3841220140457153
 endloop
endfacet
facet normal 0.5118372440338135 -0.11695268750190735 0.8510844707489014
 outer loop
  vertex 2.1649441719055176 2.5400421619415283 1.2522245645523071
  vertex 1.9999728202819824 2.5204014778137207 1.348738431930542
  vertex 2.0580015182495117 2.3412108421325684 1.2892166376113892
 endloop
endfacet
facet normal -0.5118371844291687 0.11695267260074615 -0.8510844707489014
 outer loop
  vertex 2.0580015182495117 2.3412108421325684 1.2892166376113892
  vertex 1.9999728202819824 2.5204014778137207 1.348738431930542
  vertex 2.1649441719055176 2.5400421619415283 1.2522245645523071
 endloop
endfacet
facet normal -0.07233995199203491 0.972827136516571 -0.21994169056415558
 outer loop
  vertex 2.7377471923828125 1.37388014793396 2.98588490486145
  vertex 2.6319427490234375 1.3499786853790283 2.9149656295776367
  vertex 2.57328724861145 1.3712959289550781 3.0285463333129883
 endloop
endfacet
facet normal 0.07233995199203491 -0.972827136516571 0.21994169056415558
 outer loop
  vertex 2.57328724861145 1.3712959289550781 3.0285463333129883
  vertex 2.6319427490234375 1.3499786853790283 2.9149656295776367
  vertex 2.7377471923828125 1.37388014793396 2.98588490486145
 endloop
endfacet
facet normal 0.9994577765464783 0.029453540220856667 -0.014719218946993351
 outer loop
  vertex 1.2483727931976318 2.4048044681549072 2.448298692703247
  vertex 1.2521076202392578 2.3116660118103027 2.51552677154541
  vertex 1.2481337785720825 2.360020875930786 2.342456102371216
 endloop
endfacet
facet normal -0.9994577765464783 -0.029453540220856667 0.014719219878315926
 outer loop
  vertex 1.2481337785720825 2.360020875930786 2.342456102371216
  vertex 1.2521076202392578 2.3116660118103027 2.51552677154541
  vertex 1.2483727931976318 2.4048044681549072 2.448298692703247
 endloop
endfacet
facet normal -0.2623276710510254 -0.8407022356987 -0.4737129509449005
 outer loop
  vertex 3.029033899307251 3.53102970123291 2.6872246265411377
  vertex 3.079129219055176 3.434317111968994 2.831120014190674
  vertex 2.8979954719543457 3.4605112075805664 2.884939432144165
 endloop
endfacet
facet normal 0.2623276114463806 0.8407021760940552 0.47371289134025574
 outer loop
  vertex 2.8979954719543457 3.4605112075805664 2.884939432144165
  vertex 3.079129219055176 3.434317111968994 2.831120014190674
  vertex 3.029033899307251 3.53102970123291 2.6872246265411377
 endloop
endfacet
facet normal 0.3231460154056549 -0.3821188509464264 0.8657723665237427
 outer loop
  vertex 2.112945795059204 2.994750499725342 1.4387270212173462
  vertex 2.2124292850494385 3.0864977836608887 1.4420889616012573
  vertex 2.047306776046753 3.1858036518096924 1.547550082206726
 endloop
endfacet
facet normal -0.3231460154056549 0.3821188509464264 -0.8657723665237427
 outer loop
  vertex 2.047306776046753 3.1858036518096924 1.547550082206726
  vertex 2.2124292850494385 3.0864977836608887 1.4420889616012573
  vertex 2.112945795059204 2.994750499725342 1.4387270212173462
 endloop
endfacet
facet normal 0.557038426399231 0.7218177914619446 -0.4107155203819275
 outer loop
  vertex 1.9105108976364136 1.6505017280578613 3.2139344215393066
  vertex 1.906759262084961 1.5459134578704834 3.025036096572876
  vertex 1.7150245904922485 1.7237058877944946 3.0774571895599365
 endloop
endfacet
facet normal -0.557038426399231 -0.7218177914619446 0.4107155501842499
 outer loop
  vertex 1.7150245904922485 1.7237058877944946 3.0774571895599365
  vertex 1.906759262084961 1.5459134578704834 3.025036096572876
  vertex 1.9105108976364136 1.6505017280578613 3.2139344215393066
 endloop
endfacet
facet normal -0.14743205904960632 0.7222986817359924 0.6756836771965027
 outer loop
  vertex 2.670032024383545 1.653276801109314 1.569604754447937
  vertex 2.782567024230957 1.5355048179626465 1.7200565338134766
  vertex 2.814128875732422 1.6426832675933838 1.6123706102371216
 endloop
endfacet
facet normal 0.14743205904960632 -0.7222986221313477 -0.6756837368011475
 outer loop
  vertex 2.814128875732422 1.6426832675933838 1.6123706102371216
  vertex 2.782567024230957 1.5355048179626465 1.7200565338134766
  vertex 2.670032024383545 1.653276801109314 1.569604754447937
 endloop
endfacet
facet normal 0.6618393063545227 -0.42626768350601196 -0.6166560649871826
 outer loop
  vertex 1.5767695903778076 2.5434606075286865 3.336674928665161
  vertex 1.471372365951538 2.535083532333374 3.2293457984924316
  vertex 1.5898469686508179 2.698845386505127 3.243299722671509
 endloop
endfacet
facet normal -0.6618393659591675 0.4262676537036896 0.6166560053825378
 outer loop
  vertex 1.5898469686508179 2.698845386505127 3.243299722671509
  vertex 1.471372365951538 2.535083532333374 3.2293457984924316
  vertex 1.5767695903778076 2.5434606075286865 3.336674928665161
 endloop
endfacet
facet normal 0.7704936861991882 0.35962003469467163 -0.5263202786445618
 outer loop
  vertex 1.3363456726074219 2.172841787338257 2.768308162689209
  vertex 1.3477846384048462 2.0167360305786133 2.678391218185425
  vertex 1.2613494396209717 2.1202445030212402 2.6225810050964355
 endloop
endfacet
facet normal -0.7704936861991882 -0.35962003469467163 0.5263202786445618
 outer loop
  vertex 1.2613494396209717 2.1202445030212402 2.6225810050964355
  vertex 1.3477846384048462 2.0167360305786133 2.678391218185425
  vertex 1.3363456726074219 2.172841787338257 2.768308162689209
 endloop
endfacet
facet normal 0.7591547966003418 -0.011535575613379478 0.6508079171180725
 outer loop
  vertex 1.4039510488510132 2.6404757499694824 1.847707748413086
  vertex 1.5377501249313354 2.6721174716949463 1.6921945810317993
  vertex 1.453856110572815 2.7845585346221924 1.7920483350753784
 endloop
endfacet
facet normal -0.7591547966003418 0.011535575613379478 -0.6508079171180725
 outer loop
  vertex 1.453856110572815 2.7845585346221924 1.7920483350753784
  vertex 1.5377501249313354 2.6721174716949463 1.6921945810317993
  vertex 1.4039510488510132 2.6404757499694824 1.847707748413086
 endloop
endfacet
facet normal -0.05163444206118584 0.8014230728149414 0.5958647727966309
 outer loop
  vertex 2.631788492202759 1.45497465133667 1.7641669511795044
  vertex 2.4089813232421875 1.449204444885254 1.7526204586029053
  vertex 2.5231924057006836 1.3608464002609253 1.8813567161560059
 endloop
endfacet
facet normal 0.05163443461060524 -0.8014231324195862 -0.5958648324012756
 outer loop
  vertex 2.5231924057006836 1.3608464002609253 1.8813567161560059
  vertex 2.4089813232421875 1.449204444885254 1.7526204586029053
  vertex 2.631788492202759 1.45497465133667 1.7641669511795044
 endloop
endfacet
facet normal 0.21422235667705536 -0.6526108384132385 -0.726779043674469
 outer loop
  vertex 2.4387688636779785 3.3271706104278564 3.3323564529418945
  vertex 2.4636385440826416 3.211881637573242 3.4432106018066406
  vertex 2.241307258605957 3.1767046451568604 3.409264326095581
 endloop
endfacet
facet normal -0.21422232687473297 0.6526108384132385 0.7267791032791138
 outer loop
  vertex 2.241307258605957 3.1767046451568604 3.409264326095581
  vertex 2.4636385440826416 3.211881637573242 3.4432106018066406
  vertex 2.4387688636779785 3.3271706104278564 3.3323564529418945
 endloop
endfacet
facet normal 0.01375458762049675 0.9999052882194519 -0.0003461944288574159
 outer loop
  vertex 2.2570419311523438 1.249250888824463 2.591071605682373
  vertex 2.324758768081665 1.2482365369796753 2.351788282394409
  vertex 2.0942153930664062 1.2514123916625977 2.3648581504821777
 endloop
endfacet
facet normal -0.013754588551819324 -0.9999052882194519 0.00034619469079189
 outer loop
  vertex 2.0942153930664062 1.2514123916625977 2.3648581504821777
  vertex 2.324758768081665 1.2482365369796753 2.351788282394409
  vertex 2.2570419311523438 1.249250888824463 2.591071605682373
 endloop
endfacet
facet normal 0.6280442476272583 -0.5684781670570374 0.5314066410064697
 outer loop
  vertex 1.7438209056854248 3.0774364471435547 1.6874929666519165
  vertex 1.8900604248046875 3.2270162105560303 1.6746740341186523
  vertex 1.8252794742584229 3.2657268047332764 1.7926466464996338
 endloop
endfacet
facet normal -0.6280441880226135 0.5684781074523926 -0.5314066410064697
 outer loop
  vertex 1.8252794742584229 3.2657268047332764 1.7926466464996338
  vertex 1.8900604248046875 3.2270162105560303 1.6746740341186523
  vertex 1.7438209056854248 3.0774364471435547 1.6874929666519165
 endloop
endfacet
facet normal 0.5509245991706848 -0.009828222915530205 0.8344970941543579
 outer loop
  vertex 1.8735990524291992 2.170300245285034 1.394812822341919
  vertex 1.9434971809387207 2.392390489578247 1.3512825965881348
  vertex 1.8405542373657227 2.3255088329315186 1.4184565544128418
 endloop
endfacet
facet normal -0.5509245991706848 0.009828222915530205 -0.8344970941543579
 outer loop
  vertex 1.8405542373657227 2.3255088329315186 1.4184565544128418
  vertex 1.9434971809387207 2.392390489578247 1.3512825965881348
  vertex 1.8735990524291992 2.170300245285034 1.394812822341919
 endloop
endfacet
facet normal -0.9644562602043152 0.027976468205451965 -0.2627575397491455
 outer loop
  vertex 3.4641449451446533 2.5372722148895264 3.0746591091156006
  vertex 3.4541218280792236 2.381743907928467 3.0948896408081055
  vertex 3.4128189086914062 2.3495357036590576 3.243063449859619
 endloop
endfacet
facet normal 0.9644562602043152 -0.027976473793387413 0.2627575397491455
 outer loop
  vertex 3.4128189086914062 2.3495357036590576 3.243063449859619
  vertex 3.4541218280792236 2.381743907928467 3.0948896408081055
  vertex 3.4641449451446533 2.5372722148895264 3.0746591091156006
 endloop
endfacet
facet normal -0.6745526194572449 -0.08420503884553909 0.7334086298942566
 outer loop
  vertex 3.5543603897094727 2.4808995723724365 2.0046095848083496
  vertex 3.6479909420013428 2.5331926345825195 2.0967302322387695
  vertex 3.564095973968506 2.6197268962860107 2.029503107070923
 endloop
endfacet
facet normal 0.6745526790618896 0.08420503884553909 -0.7334086298942566
 outer loop
  vertex 3.564095973968506 2.6197268962860107 2.029503107070923
  vertex 3.6479909420013428 2.5331926345825195 2.0967302322387695
  vertex 3.5543603897094727 2.4808995723724365 2.0046095848083496
 endloop
endfacet
facet normal -0.38229963183403015 -0.34937766194343567 0.8554427623748779
 outer loop
  vertex 3.0795958042144775 3.067683696746826 1.6054314374923706
  vertex 2.8602750301361084 3.141685962677002 1.5376402139663696
  vertex 2.9818289279937744 2.9816670417785645 1.5266084671020508
 endloop
endfacet
facet normal 0.38229960203170776 0.34937766194343567 -0.8554427623748779
 outer loop
  vertex 2.9818289279937744 2.9816670417785645 1.5266084671020508
  vertex 2.8602750301361084 3.141685962677002 1.5376402139663696
  vertex 3.0795958042144775 3.067683696746826 1.6054314374923706
 endloop
endfacet
facet normal 0.9295435547828674 -0.09425542503595352 0.35646140575408936
 outer loop
  vertex 1.4783213138580322 2.4286866188049316 1.6642632484436035
  vertex 1.496629238128662 2.5563924312591553 1.6502896547317505
  vertex 1.415642499923706 2.47871732711792 1.8409397602081299
 endloop
endfacet
facet normal -0.9295435547828674 0.09425542503595352 -0.35646137595176697
 outer loop
  vertex 1.415642499923706 2.47871732711792 1.8409397602081299
  vertex 1.496629238128662 2.5563924312591553 1.6502896547317505
  vertex 1.4783213138580322 2.4286866188049316 1.6642632484436035
 endloop
endfacet
facet normal -0.9247977137565613 -0.2872260510921478 0.24950027465820312
 outer loop
  vertex 3.5543603897094727 2.4808995723724365 2.0046095848083496
  vertex 3.4678754806518555 2.606876850128174 1.8290703296661377
  vertex 3.539388418197632 2.419325113296509 1.8782296180725098
 endloop
endfacet
facet normal 0.9247977137565613 0.2872260808944702 -0.24950027465820312
 outer loop
  vertex 3.539388418197632 2.419325113296509 1.8782296180725098
  vertex 3.4678754806518555 2.606876850128174 1.8290703296661377
  vertex 3.5543603897094727 2.4808995723724365 2.0046095848083496
 endloop
endfacet
facet normal -0.4083017408847809 0.8959275484085083 -0.17493849992752075
 outer loop
  vertex 3.2241482734680176 1.465905785560608 2.333359479904175
  vertex 3.0800318717956543 1.437808871269226 2.5258281230926514
  vertex 3.2580394744873047 1.5165979862213135 2.5138726234436035
 endloop
endfacet
facet normal 0.40830177068710327 -0.8959275484085083 0.17493852972984314
 outer loop
  vertex 3.2580394744873047 1.5165979862213135 2.5138726234436035
  vertex 3.0800318717956543 1.437808871269226 2.5258281230926514
  vertex 3.2241482734680176 1.465905785560608 2.333359479904175
 endloop
endfacet
facet normal -0.8199872374534607 0.2548307776451111 0.5125252604484558
 outer loop
  vertex 3.548957586288452 2.1851041316986084 1.971524953842163
  vertex 3.49951171875 2.2705397605895996 1.8499375581741333
  vertex 3.4435744285583496 2.079585075378418 1.855387568473816
 endloop
endfacet
facet normal 0.8199872970581055 -0.25483080744743347 -0.5125252604484558
 outer loop
  vertex 3.4435744285583496 2.079585075378418 1.855387568473816
  vertex 3.49951171875 2.2705397605895996 1.8499375581741333
  vertex 3.548957586288452 2.1851041316986084 1.971524953842163
 endloop
endfacet
facet normal -0.7009186744689941 0.5848939418792725 0.4081813097000122
 outer loop
  vertex 3.2241482734680176 1.465905785560608 2.333359479904175
  vertex 3.337975263595581 1.5815452337265015 2.3631174564361572
  vertex 3.301478147506714 1.6418859958648682 2.2139816284179688
 endloop
endfacet
facet normal 0.7009187340736389 -0.5848939418792725 -0.4081812798976898
 outer loop
  vertex 3.301478147506714 1.6418859958648682 2.2139816284179688
  vertex 3.337975263595581 1.5815452337265015 2.3631174564361572
  vertex 3.2241482734680176 1.465905785560608 2.333359479904175
 endloop
endfacet
facet normal 0.5755664706230164 -0.5889728665351868 -0.5673043727874756
 outer loop
  vertex 1.7216187715530396 3.109325647354126 3.157087802886963
  vertex 1.7976465225219727 3.051297187805176 3.2944676876068115
  vertex 1.6157664060592651 2.927107810974121 3.2388715744018555
 endloop
endfacet
facet normal -0.5755664706230164 0.5889729261398315 0.5673044323921204
 outer loop
  vertex 1.6157664060592651 2.927107810974121 3.2388715744018555
  vertex 1.7976465225219727 3.051297187805176 3.2944676876068115
  vertex 1.7216187715530396 3.109325647354126 3.157087802886963
 endloop
endfacet
facet normal 0.5503311157226562 -0.5864410400390625 -0.5943252444267273
 outer loop
  vertex 1.6157664060592651 2.927107810974121 3.2388715744018555
  vertex 1.6146706342697144 3.0244059562683105 3.1418495178222656
  vertex 1.7216187715530396 3.109325647354126 3.157087802886963
 endloop
endfacet
facet normal -0.5503311157226562 0.5864410400390625 0.5943252444267273
 outer loop
  vertex 1.7216187715530396 3.109325647354126 3.157087802886963
  vertex 1.6146706342697144 3.0244059562683105 3.1418495178222656
  vertex 1.6157664060592651 2.927107810974121 3.2388715744018555
 endloop
endfacet
facet normal -0.9995997548103333 -0.02694050595164299 0.008634923957288265
 outer loop
  vertex 3.6508517265319824 2.388838052749634 2.3591864109039307
  vertex 3.6505491733551025 2.462851047515869 2.5550787448883057
  vertex 3.6475439071655273 2.5303122997283936 2.4176573753356934
 endloop
endfacet
facet normal 0.9995997548103333 0.02694050595164299 -0.008634923957288265
 outer loop
  vertex 3.6475439071655273 2.5303122997283936 2.4176573753356934
  vertex 3.6505491733551025 2.462851047515869 2.5550787448883057
  vertex 3.6508517265319824 2.388838052749634 2.3591864109039307
 endloop
endfacet
facet normal 0.46044227480888367 0.8066483736038208 -0.3705552816390991
 outer loop
  vertex 1.9250059127807617 1.4396727085113525 2.837080478668213
  vertex 1.7387664318084717 1.5204944610595703 2.781602144241333
  vertex 1.8407765626907349 1.5197982788085938 2.90684175491333
 endloop
endfacet
facet normal -0.46044227480888367 -0.8066483736038208 0.3705553114414215
 outer loop
  vertex 1.8407765626907349 1.5197982788085938 2.90684175491333
  vertex 1.7387664318084717 1.5204944610595703 2.781602144241333
  vertex 1.9250059127807617 1.4396727085113525 2.837080478668213
 endloop
endfacet
facet normal 0.3101122975349426 0.9179210066795349 -0.2474900484085083
 outer loop
  vertex 1.7387664318084717 1.5204944610595703 2.781602144241333
  vertex 1.716740608215332 1.568461298942566 2.931908369064331
  vertex 1.8407765626907349 1.5197982788085938 2.90684175491333
 endloop
endfacet
facet normal -0.3101122975349426 -0.9179210066795349 0.2474900186061859
 outer loop
  vertex 1.8407765626907349 1.5197982788085938 2.90684175491333
  vertex 1.716740608215332 1.568461298942566 2.931908369064331
  vertex 1.7387664318084717 1.5204944610595703 2.781602144241333
 endloop
endfacet
facet normal -0.27094197273254395 0.38231515884399414 -0.8834169507026672
 outer loop
  vertex 3.098187208175659 2.056447982788086 3.414823055267334
  vertex 2.9749915599823 2.1156234741210938 3.4782161712646484
  vertex 3.043501138687134 2.2451460361480713 3.5132577419281006
 endloop
endfacet
facet normal 0.27094194293022156 -0.38231512904167175 0.883417010307312
 outer loop
  vertex 3.043501138687134 2.2451460361480713 3.5132577419281006
  vertex 2.9749915599823 2.1156234741210938 3.4782161712646484
  vertex 3.098187208175659 2.056447982788086 3.414823055267334
 endloop
endfacet
facet normal -0.6797758936882019 0.17458783090114594 -0.7123368978500366
 outer loop
  vertex 3.1569902896881104 2.2109556198120117 3.396576404571533
  vertex 3.098187208175659 2.056447982788086 3.414823055267334
  vertex 3.043501138687134 2.2451460361480713 3.5132577419281006
 endloop
endfacet
facet normal 0.6797758936882019 -0.17458784580230713 0.7123368978500366
 outer loop
  vertex 3.043501138687134 2.2451460361480713 3.5132577419281006
  vertex 3.098187208175659 2.056447982788086 3.414823055267334
  vertex 3.1569902896881104 2.2109556198120117 3.396576404571533
 endloop
endfacet
facet normal -0.7979496121406555 0.3297506868839264 0.5045205354690552
 outer loop
  vertex 3.429051399230957 1.8453867435455322 2.043933153152466
  vertex 3.4931135177612305 1.9817172288894653 2.0561492443084717
  vertex 3.357881784439087 1.91400945186615 1.8865200281143188
 endloop
endfacet
facet normal 0.7979496121406555 -0.3297506868839264 -0.5045205354690552
 outer loop
  vertex 3.357881784439087 1.91400945186615 1.8865200281143188
  vertex 3.4931135177612305 1.9817172288894653 2.0561492443084717
  vertex 3.429051399230957 1.8453867435455322 2.043933153152466
 endloop
endfacet
facet normal -0.10820804536342621 -0.14101766049861908 -0.9840757250785828
 outer loop
  vertex 2.8912079334259033 2.8257253170013428 3.5314855575561523
